Name,Description,Combined Group,Unique Machines,Unique UserID, Count F,Count H,EULA Machines
,"",_1,58,55,31,22,53
,"",_3,30,32,20,1,21
NYP,"",_647,29,28,28,1,29
,"",_4,29,22,19,1,20
,"",_9,26,23,12,4,16
Unity,"",_2,25,24,11,0,11
,"",_8,23,24,14,3,17
,"",_6,22,24,13,3,16
,"",_7,20,20,11,5,16
NTU,"",_156,18,17,18,0,18
,"",_11,18,18,14,3,17
,"",_10,17,15,12,1,13
,"",_12,16,15,10,1,11
,"",_5,15,14,10,3,13
,"",_14,14,14,13,0,13
,"",_15,13,14,7,1,8
,"",_17,13,13,7,3,10
NUS,"",_304,12,9,5,0,5
,"",_18,12,12,8,1,9
Mages,"",_126,11,8,11,0,11
Gumi,"",_23,11,11,4,0,4
89trillion.com,"",_19,11,15,10,1,11
,"",_13,11,10,3,4,7
,"",_24,10,10,10,0,10
,"",_21,9,7,8,1,9
Temasek Poly,"",_49,8,8,6,0,6
,"",_16,8,8,1,2,3
Singapore Poly / Chesterfield,"http://chesterfield.sg/
Singapore Polytechnic
",_83,7,5,5,0,5
,"",_28,7,7,4,0,4
Tendays Studio / Ignite VR,"",_228,6,5,2,0,2
IGG,"",_414,6,6,1,0,1
Hiverlab,"https://www.hiverlab.com/
",_78,6,4,2,0,2
Electricsquare,"",_32,6,5,2,0,2
,"",_27,6,6,4,2,6
,"",_31,6,4,3,2,5
White Label Studio,"https://whitelabelstudio.global/
",_134,5,3,4,0,4
SIT,"",_1143,5,4,5,0,5
,"",_25,5,4,5,0,5
Swagsoft,"",_348,4,4,3,0,3
Singnet,"",_51,4,1,4,0,4
Mighty Bear,"",_175,4,4,1,0,1
Meshtint,"",_130,4,2,4,0,4
Koei Tecmo,"",_168,4,4,0,0,0
Autumn Interactive,"",_435,4,4,4,0,4
,"",_34,4,4,3,1,4
,"",_35,4,4,4,0,4
,"",_41,4,4,4,0,4
Vincent Goh,"",_209,3,4,3,0,3
SideFX Studios,"https://genesis.hq.unity3d.com/organizations/1374436136701/
",_129,3,3,0,0,0
Royce Media,"",_1434,3,3,3,0,3
Revez Digital,"http://revezdigital.com/
Plus license
",_36,3,2,2,0,2
Land Shark Games,"",_311,3,3,0,0,0
ITE,"",_602,3,3,3,0,3
Appigniter,"https://www.appigniter.co/
Plus license
",_76,3,2,1,0,1
Anacle,"",_100,3,3,1,0,1
,"",_30,3,3,3,0,3
,"",_42,3,3,3,0,3
,"",_43,3,3,3,0,3
,"",_50,3,3,3,0,3
,"",_74,3,1,3,0,3
,"",_93,3,1,1,0,1
,"",_94,3,3,2,1,3
,"",_95,3,3,3,0,3
,"",_108,3,3,3,0,3
,"",_123,3,1,3,0,3
,"",_133,3,3,3,0,3
,"",_250,3,2,3,0,3
,"",_287,3,2,2,0,2
Yoozoo games,"https://global.yoozoo.com/news/7000056.html
",_1357,2,2,2,0,2
VR Collab,"",_757,2,2,0,0,0
Visenze,"",_496,2,2,2,0,2
Trinax,"",_69,2,1,0,0,0
The Carrot Studio,"",_184,2,2,1,0,1
Taggle Health,"",_1571,2,1,1,0,1
STE Training & Simulation,"leong.guowei@stengg.com	
liew.wanhui@stee.stengg.com
kohwuisiong2@gmail.com
",_61,2,2,1,0,1
StarSprite,"http://starsprite.com/
",_329,2,2,1,0,1
ST Engineering Land Systems,"",_721,2,1,1,0,1
Singapore American School,"",_384,2,1,2,0,2
Presence Pictures VR,"https://app.presencepictures.com.sg/storePages/presenceImages/PresencePicturesAboutUs.pdf#toolbar=0&navpanes=0&scrollbar=0
",_199,2,1,1,0,1
PlayTech Studio,"",_103,2,1,2,0,2
iShorty,"",_72,2,2,1,0,1
https://www.xiibraves.com/,"Org with 11 members
",_792,2,2,2,0,2
Exousia Studios,"",_751,2,2,2,0,2
EON Reality,"",_1461,2,2,0,0,0
Azurite,"",_77,2,2,1,0,1
Aviationlearn.com,"",_863,2,2,1,0,1
Aviation Virtual,"",_364,2,2,1,0,1
A-Star,"https://genesis.hq.unity3d.com/organizations/18966615602330/
",_615,2,2,1,0,1
,"ST Engineering
",_1533,2,1,1,0,1
,"",_29,2,2,2,0,2
,"",_38,2,2,2,0,2
,"",_40,2,2,2,0,2
,"",_46,2,1,2,0,2
,"",_58,2,2,1,1,2
,"",_66,2,2,2,0,2
,"",_86,2,1,2,0,2
,"",_90,2,2,2,0,2
,"",_91,2,2,2,0,2
,"",_99,2,2,1,0,1
,"",_114,2,1,1,1,2
,"",_125,2,2,2,0,2
,"",_127,2,3,2,0,2
,"",_132,2,1,0,0,0
,"",_135,2,1,2,0,2
,"",_140,2,2,1,0,1
,"",_145,2,1,2,0,2
,"",_146,2,2,2,0,2
,"",_147,2,2,2,0,2
,"",_149,2,2,2,0,2
,"",_150,2,2,2,0,2
,"",_151,2,1,2,0,2
,"",_158,2,2,2,0,2
,"",_160,2,2,2,0,2
,"",_165,2,2,0,0,0
,"",_171,2,1,2,0,2
,"",_172,2,1,2,0,2
,"",_173,2,2,2,0,2
,"",_204,2,2,2,0,2
,"",_210,2,1,2,0,2
,"",_213,2,1,2,0,2
,"",_216,2,1,2,0,2
,"",_233,2,1,2,0,2
,"",_234,2,1,2,0,2
,"",_235,2,1,2,0,2
,"",_240,2,2,2,0,2
,"",_241,2,2,2,0,2
,"",_248,2,2,2,0,2
,"",_252,2,2,2,0,2
,"",_255,2,2,1,0,1
,"",_256,2,2,2,0,2
,"",_270,2,1,2,0,2
,"",_271,2,2,2,0,2
,"",_274,2,1,2,0,2
,"",_276,2,1,2,0,2
,"",_277,2,1,2,0,2
,"",_282,2,2,2,0,2
,"",_284,2,2,2,0,2
,"",_295,2,1,2,0,2
,"",_297,2,2,2,0,2
,"",_298,2,1,1,0,1
,"",_299,2,1,2,0,2
,"",_301,2,1,2,0,2
,"",_302,2,2,2,0,2
,"",_307,2,2,1,1,2
,"",_308,2,2,2,0,2
,"",_310,2,1,2,0,2
,"",_313,2,1,2,0,2
,"",_314,2,2,2,0,2
,"",_318,2,1,2,0,2
,"",_322,2,1,2,0,2
,"",_324,2,1,2,0,2
,"",_325,2,1,2,0,2
,"",_331,2,1,2,0,2
,"",_351,2,1,1,0,1
,"",_361,2,1,2,0,2
,"",_376,2,1,2,0,2
,"",_381,2,2,2,0,2
,"",_387,2,2,1,0,1
,"",_388,2,2,2,0,2
,"",_401,2,1,2,0,2
,"",_417,2,1,2,0,2
,"",_423,2,1,2,0,2
,"",_429,2,2,2,0,2
,"",_432,2,2,2,0,2
,"",_434,2,2,2,0,2
,"",_437,2,2,2,0,2
,"",_438,2,2,2,0,2
Terresqual,"",_691,1,1,1,0,1
SUTD,"",_48,1,2,1,0,1
Starstruck Games,"",_1724,1,1,1,0,1
Singapore Poly,"",_1191,1,1,1,0,1
Silversea Media,"https://www.silversea-media.com/
",_420,1,1,0,1,1
Siemens - Lim Riqui,"https://genesis.hq.unity3d.com/users/18966804306463/
",_1927,1,1,1,0,1
Shadowbyte Games,"",_1422,1,1,0,0,0
Pern Jie,"",_573,1,1,1,0,1
Orca Studios,"",_205,1,1,0,0,0
NUS-HCI Lab,"",_1291,1,1,1,0,1
NUS Engineering Design and Innovation Centre,"",_1294,1,1,0,0,0
NTU VR Lab,"",_625,1,1,1,0,1
Nanyang Poly,"",_75,1,1,0,0,0
Mersiva LLP / Iceberg Design,"",_286,1,1,1,0,1
Marina Bay Sands,"sinonet3d@gmail.com
https://genesis.hq.unity3d.com/organizations/18966836212561/
millernguyen.mbs@gmail.com
liulink@gmail.com
",_1169,1,1,1,0,1
Hennery Studio,"",_1393,1,1,1,0,1
GovTech,"rayjue99@hotmail.com
hazel77744@gmail.com
",_577,1,1,0,0,0
DSTA,"https://genesis.hq.unity3d.com/users/5336777/
",_1818,1,1,1,0,1
DSO HEDP,"",_987,1,1,1,0,1
Cybervision,"",_460,1,1,1,0,1
Bui_Thanh (VN),"",_1201,1,1,0,1,1
Brandon Gui,"",_47,1,1,0,0,0
AAT Training Hub,"",_520,1,1,0,0,0
,"",_26,1,1,1,0,1
,"",_33,1,1,1,0,1
,"",_39,1,1,1,0,1
,"",_44,1,1,1,0,1
,"",_45,1,1,1,0,1
,"",_52,1,1,1,0,1
,"",_53,1,1,1,0,1
,"",_55,1,1,1,0,1
,"",_56,1,2,1,0,1
,"",_57,1,1,1,0,1
,"",_60,1,1,1,0,1
,"",_62,1,1,1,0,1
,"",_64,1,1,1,0,1
,"",_65,1,1,1,0,1
,"",_67,1,1,1,0,1
,"",_68,1,1,1,0,1
,"",_70,1,1,1,0,1
,"",_71,1,1,1,0,1
,"",_73,1,2,1,0,1
,"",_79,1,1,1,0,1
,"",_80,1,1,1,0,1
,"",_81,1,1,0,1,1
,"",_82,1,1,1,0,1
,"",_84,1,1,1,0,1
,"",_85,1,1,1,0,1
,"",_87,1,1,1,0,1
,"",_88,1,2,1,0,1
,"",_89,1,1,1,0,1
,"",_92,1,1,1,0,1
,"",_97,1,1,0,0,0
,"",_98,1,1,1,0,1
,"",_101,1,1,1,0,1
,"",_102,1,1,1,0,1
,"",_104,1,1,1,0,1
,"",_105,1,1,1,0,1
,"",_106,1,1,1,0,1
,"",_107,1,1,1,0,1
,"",_110,1,1,1,0,1
,"",_111,1,1,1,0,1
,"",_112,1,1,1,0,1
,"",_113,1,1,1,0,1
,"",_115,1,1,1,0,1
,"",_116,1,1,1,0,1
,"",_117,1,1,1,0,1
,"",_118,1,1,1,0,1
,"",_119,1,1,0,0,0
,"",_120,1,1,1,0,1
,"",_121,1,1,1,0,1
,"",_122,1,1,1,0,1
,"",_124,1,1,1,0,1
,"",_128,1,1,1,0,1
,"",_131,1,1,1,0,1
,"",_137,1,1,1,0,1
,"",_138,1,1,1,0,1
,"",_139,1,1,1,0,1
,"",_141,1,1,1,0,1
,"",_143,1,1,1,0,1
,"",_144,1,1,1,0,1
,"",_148,1,1,0,0,0
,"",_152,1,1,1,0,1
,"",_153,1,1,1,0,1
,"",_154,1,1,1,0,1
,"",_155,1,1,1,0,1
,"",_157,1,1,1,0,1
,"",_159,1,1,1,0,1
,"",_161,1,1,1,0,1
,"",_162,1,1,1,0,1
,"",_163,1,1,1,0,1
,"",_164,1,1,1,0,1
,"",_166,1,1,1,0,1
,"",_167,1,1,1,0,1
,"",_169,1,1,1,0,1
,"",_170,1,1,1,0,1
,"",_174,1,1,1,0,1
,"",_176,1,1,1,0,1
,"",_177,1,1,1,0,1
,"",_178,1,1,1,0,1
,"",_179,1,1,1,0,1
,"",_180,1,1,1,0,1
,"",_181,1,1,1,0,1
,"",_182,1,1,1,0,1
,"",_183,1,1,0,0,0
,"",_185,1,1,1,0,1
,"",_186,1,1,1,0,1
,"",_187,1,1,1,0,1
,"",_188,1,1,0,0,0
,"",_189,1,1,1,0,1
,"",_190,1,1,1,0,1
,"",_191,1,1,1,0,1
,"",_192,1,1,1,0,1
,"",_193,1,1,1,0,1
,"",_194,1,1,1,0,1
,"",_195,1,1,0,0,0
,"",_197,1,1,1,0,1
,"",_198,1,1,1,0,1
,"",_201,1,1,1,0,1
,"",_202,1,1,1,0,1
,"",_203,1,1,1,0,1
,"",_206,1,1,1,0,1
,"",_208,1,1,1,0,1
,"",_211,1,1,1,0,1
,"",_212,1,1,1,0,1
,"",_215,1,1,1,0,1
,"",_217,1,1,1,0,1
,"",_218,1,1,1,0,1
,"",_219,1,1,1,0,1
,"",_221,1,1,1,0,1
,"",_222,1,1,0,0,0
,"",_223,1,1,0,0,0
,"",_224,1,1,1,0,1
,"",_225,1,1,1,0,1
,"",_226,1,1,1,0,1
,"",_227,1,1,1,0,1
,"",_229,1,1,1,0,1
,"",_230,1,1,0,0,0
,"",_231,1,1,1,0,1
,"",_232,1,1,1,0,1
,"",_236,1,1,1,0,1
,"",_237,1,1,1,0,1
,"",_239,1,1,1,0,1
,"",_242,1,1,1,0,1
,"",_243,1,1,1,0,1
,"",_244,1,1,1,0,1
,"",_245,1,1,0,0,0
,"",_246,1,1,1,0,1
,"",_247,1,1,1,0,1
,"",_249,1,1,1,0,1
,"",_251,1,1,1,0,1
,"",_253,1,1,1,0,1
,"",_254,1,1,1,0,1
,"",_257,1,1,0,0,0
,"",_258,1,1,1,0,1
,"",_260,1,1,1,0,1
,"",_261,1,1,1,0,1
,"",_262,1,1,1,0,1
,"",_263,1,1,1,0,1
,"",_264,1,1,1,0,1
,"",_265,1,1,1,0,1
,"",_266,1,1,1,0,1
,"",_267,1,1,1,0,1
,"",_268,1,1,0,0,0
,"",_269,1,1,1,0,1
,"",_272,1,1,1,0,1
,"",_273,1,1,1,0,1
,"",_275,1,1,1,0,1
,"",_278,1,1,1,0,1
,"",_279,1,1,1,0,1
,"",_280,1,1,1,0,1
,"",_283,1,1,1,0,1
,"",_285,1,1,1,0,1
,"",_288,1,1,1,0,1
,"",_289,1,1,1,0,1
,"",_290,1,1,1,0,1
,"",_291,1,1,0,0,0
,"",_292,1,1,1,0,1
,"",_293,1,1,0,0,0
,"",_294,1,1,1,0,1
,"",_296,1,1,1,0,1
,"",_300,1,1,0,0,0
,"",_305,1,1,1,0,1
,"",_306,1,1,1,0,1
,"",_309,1,1,1,0,1
,"",_312,1,1,1,0,1
,"",_315,1,1,1,0,1
,"",_316,1,1,1,0,1
,"",_317,1,1,1,0,1
,"",_319,1,1,1,0,1
,"",_320,1,1,0,0,0
,"",_326,1,1,1,0,1
,"",_327,1,1,1,0,1
,"",_328,1,1,1,0,1
,"",_330,1,1,1,0,1
,"",_332,1,1,0,0,0
,"",_333,1,1,1,0,1
,"",_334,1,1,1,0,1
,"",_335,1,1,1,0,1
,"",_336,1,1,1,0,1
,"",_337,1,1,1,0,1
,"",_338,1,1,1,0,1
,"",_339,1,1,1,0,1
,"",_340,1,1,1,0,1
,"",_341,1,1,1,0,1
,"",_343,1,1,1,0,1
,"",_344,1,1,0,1,1
,"",_345,1,2,1,0,1
,"",_346,1,1,1,0,1
,"",_347,1,1,0,0,0
,"",_349,1,1,1,0,1
,"",_350,1,1,1,0,1
,"",_352,1,1,1,0,1
,"",_353,1,1,0,0,0
,"",_354,1,1,1,0,1
,"",_355,1,1,1,0,1
,"",_357,1,1,1,0,1
,"",_358,1,1,1,0,1
,"",_359,1,1,1,0,1
,"",_360,1,1,1,0,1
,"",_362,1,1,1,0,1
,"",_363,1,1,1,0,1
,"",_365,1,1,1,0,1
,"",_366,1,1,1,0,1
,"",_367,1,1,1,0,1
,"",_368,1,1,1,0,1
,"",_369,1,1,0,0,0
,"",_370,1,1,1,0,1
,"",_372,1,1,1,0,1
,"",_373,1,1,1,0,1
,"",_374,1,1,1,0,1
,"",_375,1,1,1,0,1
,"",_377,1,1,1,0,1
,"",_378,1,1,1,0,1
,"",_379,1,1,0,0,0
,"",_380,1,1,1,0,1
,"",_382,1,1,1,0,1
,"",_383,1,1,1,0,1
,"",_385,1,1,1,0,1
,"",_386,1,1,1,0,1
,"",_389,1,1,1,0,1
,"",_390,1,1,1,0,1
,"",_392,1,1,1,0,1
,"",_393,1,1,1,0,1
,"",_394,1,1,1,0,1
,"",_395,1,1,1,0,1
,"",_396,1,1,1,0,1
,"",_397,1,1,1,0,1
,"",_399,1,1,1,0,1
,"",_400,1,1,1,0,1
,"",_402,1,1,1,0,1
,"",_403,1,1,1,0,1
,"",_405,1,2,1,0,1
,"",_406,1,1,1,0,1
,"",_407,1,1,0,1,1
,"",_409,1,1,1,0,1
,"",_410,1,1,1,0,1
,"",_411,1,1,1,0,1
,"",_412,1,1,1,0,1
,"",_413,1,1,1,0,1
,"",_415,1,1,1,0,1
,"",_416,1,1,1,0,1
,"",_418,1,1,1,0,1
,"",_419,1,1,1,0,1
,"",_421,1,1,0,0,0
,"",_422,1,1,1,0,1
,"",_424,1,1,1,0,1
,"",_426,1,1,1,0,1
,"",_427,1,1,1,0,1
,"",_428,1,1,1,0,1
,"",_430,1,1,1,0,1
,"",_433,1,1,1,0,1
,"",_436,1,1,1,0,1
,"",_439,1,1,1,0,1
,"",_440,1,1,1,0,1
,"",_441,1,1,1,0,1
,"",_442,1,1,1,0,1
,"",_444,1,1,1,0,1
,"",_445,1,1,1,0,1
,"",_446,1,1,1,0,1
,"",_447,1,1,1,0,1
,"",_448,1,1,1,0,1
,"",_449,1,1,1,0,1
,"",_450,1,1,1,0,1
,"",_451,1,1,1,0,1
,"",_452,1,1,1,0,1
,"",_453,1,1,1,0,1
,"",_454,1,1,1,0,1
,"",_455,1,1,1,0,1
,"",_456,1,1,1,0,1
,"",_457,1,1,1,0,1
,"",_458,1,1,1,0,1
,"",_459,1,1,1,0,1
,"",_461,1,1,1,0,1
,"",_462,1,1,1,0,1
,"",_463,1,1,1,0,1
,"",_464,1,1,1,0,1
,"",_465,1,1,1,0,1
,"",_466,1,1,1,0,1
,"",_467,1,1,1,0,1
,"",_468,1,1,1,0,1
,"",_469,1,1,1,0,1
,"",_470,1,1,1,0,1
,"",_471,1,1,1,0,1
,"",_472,1,1,1,0,1
,"",_473,1,1,1,0,1
,"",_474,1,1,1,0,1
,"",_475,1,1,1,0,1
,"",_476,1,1,1,0,1
,"",_477,1,1,1,0,1
,"",_478,1,1,1,0,1
,"",_479,1,1,1,0,1
,"",_480,1,1,1,0,1
,"",_482,1,1,1,0,1
,"",_483,1,1,1,0,1
,"",_484,1,1,1,0,1
,"",_485,1,1,1,0,1
,"",_486,1,1,1,0,1
,"",_487,1,1,1,0,1
,"",_488,1,1,1,0,1
,"",_489,1,1,1,0,1
,"",_490,1,1,1,0,1
,"",_491,1,1,1,0,1
,"",_492,1,1,1,0,1
,"",_493,1,1,1,0,1
,"",_494,1,1,1,0,1
,"",_495,1,1,1,0,1
,"",_497,1,1,1,0,1
,"",_498,1,1,0,0,0
,"",_499,1,1,1,0,1
,"",_500,1,1,1,0,1
,"",_501,1,1,1,0,1
,"",_502,1,1,1,0,1
,"",_503,1,1,1,0,1
,"",_504,1,1,1,0,1
,"",_505,1,1,1,0,1
,"",_506,1,1,1,0,1
,"",_507,1,1,1,0,1
,"",_508,1,1,1,0,1
,"",_509,1,1,1,0,1
,"",_510,1,1,1,0,1
,"",_511,1,1,1,0,1
,"",_512,1,1,1,0,1
,"",_513,1,1,1,0,1
,"",_514,1,1,1,0,1
,"",_515,1,1,1,0,1
,"",_516,1,1,1,0,1
,"",_517,1,1,1,0,1
,"",_518,1,1,1,0,1
,"",_519,1,1,1,0,1
,"",_522,1,1,1,0,1
,"",_523,1,1,1,0,1
,"",_524,1,1,1,0,1
,"",_525,1,1,1,0,1
,"",_526,1,1,1,0,1
,"",_527,1,1,1,0,1
,"",_528,1,1,1,0,1
,"",_529,1,1,1,0,1
,"",_530,1,1,1,0,1
,"",_531,1,1,1,0,1
,"",_532,1,1,1,0,1
,"",_533,1,1,1,0,1
,"",_534,1,1,0,1,1
,"",_535,1,1,1,0,1
,"",_536,1,1,1,0,1
,"",_537,1,1,1,0,1
,"",_538,1,1,1,0,1
,"",_539,1,1,1,0,1
,"",_540,1,1,1,0,1
,"",_541,1,1,1,0,1
,"",_542,1,1,1,0,1
,"",_543,1,1,1,0,1
,"",_544,1,1,0,0,0
,"",_545,1,1,1,0,1
,"",_546,1,1,0,0,0
,"",_547,1,1,1,0,1
,"",_548,1,1,0,1,1
,"",_549,1,1,1,0,1
,"",_550,1,1,0,1,1
,"",_551,1,1,1,0,1
,"",_552,1,1,1,0,1
,"",_553,1,1,0,0,0
,"",_554,1,1,1,0,1
,"",_555,1,1,1,0,1
,"",_556,1,1,0,1,1
,"",_557,1,1,1,0,1
,"",_558,1,1,1,0,1
,"",_559,1,1,1,0,1
,"",_560,1,1,1,0,1
,"",_561,1,1,1,0,1
,"",_562,1,1,1,0,1
,"",_563,1,1,0,1,1
,"",_564,1,1,1,0,1
,"",_565,1,1,1,0,1
,"",_566,1,1,1,0,1
,"",_567,1,1,1,0,1
,"",_568,1,1,1,0,1
,"",_569,1,1,1,0,1
,"",_570,1,1,1,0,1
,"",_571,1,1,1,0,1
,"",_572,1,1,1,0,1
,"",_574,1,1,1,0,1
,"",_575,1,1,1,0,1
,"",_576,1,1,1,0,1
,"",_578,1,1,1,0,1
,"",_579,1,1,1,0,1
,"",_581,1,1,1,0,1
,"",_582,1,1,1,0,1
,"",_583,1,1,1,0,1
,"",_584,1,1,1,0,1
,"",_585,1,1,1,0,1
,"",_586,1,1,1,0,1
,"",_587,1,1,1,0,1
,"",_588,1,1,1,0,1
,"",_589,1,1,1,0,1
,"",_590,1,1,1,0,1
,"",_591,1,1,0,0,0
,"",_592,1,1,0,0,0
,"",_593,1,1,1,0,1
,"",_594,1,1,1,0,1
,"",_595,1,1,1,0,1
,"",_596,1,1,1,0,1
,"",_597,1,1,0,0,0
,"",_598,1,1,1,0,1
,"",_599,1,1,1,0,1
,"",_600,1,1,1,0,1
,"",_601,1,1,1,0,1
,"",_603,1,1,1,0,1
,"",_604,1,1,1,0,1
,"",_605,1,1,1,0,1
,"",_606,1,1,1,0,1
,"",_607,1,1,0,1,1
,"",_608,1,1,0,0,0
,"",_609,1,1,1,0,1
,"",_610,1,1,1,0,1
,"",_611,1,1,1,0,1
,"",_612,1,1,1,0,1
,"",_613,1,1,1,0,1
,"",_614,1,1,1,0,1
,"",_616,1,1,0,0,0
,"",_617,1,1,1,0,1
,"",_618,1,1,1,0,1
,"",_619,1,1,0,0,0
,"",_620,1,1,0,0,0
,"",_621,1,1,1,0,1
,"",_622,1,1,1,0,1
,"",_623,1,1,1,0,1
,"",_624,1,1,1,0,1
,"",_626,1,1,1,0,1
,"",_627,1,1,1,0,1
,"",_628,1,1,1,0,1
,"",_630,1,1,0,0,0
,"",_631,1,1,0,0,0
,"",_632,1,1,1,0,1
,"",_633,1,1,1,0,1
,"",_634,1,1,1,0,1
,"",_635,1,1,1,0,1
,"",_636,1,1,1,0,1
,"",_637,1,1,1,0,1
,"",_638,1,1,0,0,0
,"",_639,1,1,1,0,1
,"",_640,1,1,1,0,1
,"",_641,1,1,1,0,1
,"",_642,1,1,1,0,1
,"",_643,1,1,1,0,1
,"",_644,1,1,1,0,1
,"",_645,1,1,1,0,1
,"",_646,1,1,1,0,1
,"",_648,1,1,1,0,1
,"",_649,1,1,0,0,0
,"",_650,1,1,1,0,1
,"",_651,1,1,1,0,1
,"",_652,1,1,1,0,1
,"",_653,1,1,1,0,1
,"",_654,1,1,1,0,1
,"",_655,1,1,1,0,1
,"",_656,1,1,1,0,1
,"",_657,1,1,1,0,1
,"",_658,1,1,1,0,1
,"",_659,1,1,0,0,0
,"",_660,1,1,1,0,1
,"",_661,1,1,1,0,1
,"",_662,1,1,1,0,1
,"",_663,1,1,1,0,1
,"",_664,1,1,1,0,1
,"",_665,1,1,1,0,1
,"",_666,1,1,1,0,1
,"",_667,1,1,1,0,1
,"",_668,1,1,1,0,1
,"",_669,1,1,1,0,1
,"",_670,1,1,1,0,1
,"",_671,1,1,1,0,1
,"",_672,1,1,1,0,1
,"",_673,1,1,1,0,1
,"",_674,1,1,1,0,1
,"",_675,1,1,1,0,1
,"",_676,1,1,1,0,1
,"",_677,1,1,1,0,1
,"",_678,1,1,1,0,1
,"",_679,1,1,1,0,1
,"",_680,1,1,1,0,1
,"",_681,1,1,1,0,1
,"",_682,1,1,1,0,1
,"",_683,1,1,1,0,1
,"",_685,1,1,1,0,1
,"",_686,1,1,1,0,1
,"",_687,1,1,1,0,1
,"",_688,1,1,1,0,1
,"",_689,1,1,1,0,1
,"",_690,1,1,1,0,1
,"",_692,1,1,1,0,1
,"",_693,1,1,1,0,1
,"",_694,1,1,1,0,1
,"",_695,1,1,1,0,1
,"",_696,1,1,1,0,1
,"",_697,1,1,1,0,1
,"",_698,1,1,1,0,1
,"",_699,1,1,1,0,1
,"",_700,1,1,1,0,1
,"",_701,1,1,1,0,1
,"",_702,1,1,1,0,1
,"",_703,1,1,1,0,1
,"",_704,1,1,1,0,1
,"",_705,1,1,1,0,1
,"",_706,1,1,1,0,1
,"",_707,1,1,1,0,1
,"",_708,1,1,1,0,1
,"",_709,1,1,1,0,1
,"",_710,1,1,0,0,0
,"",_711,1,1,1,0,1
,"",_712,1,1,1,0,1
,"",_713,1,1,1,0,1
,"",_714,1,1,1,0,1
,"",_716,1,1,1,0,1
,"",_717,1,1,1,0,1
,"",_718,1,1,1,0,1
,"",_719,1,1,1,0,1
,"",_720,1,1,1,0,1
,"",_722,1,1,1,0,1
,"",_723,1,1,1,0,1
,"",_724,1,1,1,0,1
,"",_725,1,1,1,0,1
,"",_726,1,1,1,0,1
,"",_727,1,1,1,0,1
,"",_728,1,1,1,0,1
,"",_729,1,1,1,0,1
,"",_730,1,1,1,0,1
,"",_731,1,1,1,0,1
,"",_732,1,1,1,0,1
,"",_733,1,1,1,0,1
,"",_734,1,1,1,0,1
,"",_735,1,1,1,0,1
,"",_736,1,1,1,0,1
,"",_737,1,1,1,0,1
,"",_738,1,1,1,0,1
,"",_739,1,1,1,0,1
,"",_740,1,1,1,0,1
,"",_741,1,1,1,0,1
,"",_742,1,1,1,0,1
,"",_743,1,1,1,0,1
,"",_744,1,1,1,0,1
,"",_745,1,1,1,0,1
,"",_746,1,1,1,0,1
,"",_747,1,1,1,0,1
,"",_748,1,1,1,0,1
,"",_749,1,1,1,0,1
,"",_750,1,1,1,0,1
,"",_752,1,1,1,0,1
,"",_753,1,1,1,0,1
,"",_754,1,1,1,0,1
,"",_755,1,1,0,0,0
,"",_756,1,1,1,0,1
,"",_758,1,1,0,0,0
,"",_759,1,1,1,0,1
,"",_760,1,1,1,0,1
,"",_761,1,1,1,0,1
,"",_762,1,1,1,0,1
,"",_763,1,1,1,0,1
,"",_764,1,1,1,0,1
,"",_765,1,1,1,0,1
,"",_766,1,1,1,0,1
,"",_767,1,1,1,0,1
,"",_768,1,1,1,0,1
,"",_769,1,1,1,0,1
,"",_770,1,1,1,0,1
,"",_771,1,1,1,0,1
,"",_772,1,1,1,0,1
,"",_773,1,1,1,0,1
,"",_774,1,1,1,0,1
,"",_775,1,1,1,0,1
,"",_776,1,1,1,0,1
,"",_777,1,1,1,0,1
,"",_779,1,1,1,0,1
,"",_781,1,1,1,0,1
,"",_782,1,1,1,0,1
,"",_783,1,1,1,0,1
,"",_784,1,1,1,0,1
,"",_785,1,1,1,0,1
,"",_786,1,1,1,0,1
,"",_787,1,1,1,0,1
,"",_788,1,1,1,0,1
,"",_790,1,1,1,0,1
,"",_791,1,1,1,0,1
,"",_794,1,1,1,0,1
,"",_795,1,1,1,0,1
,"",_796,1,1,1,0,1
,"",_797,1,1,1,0,1
,"",_798,1,1,0,0,0
,"",_799,1,1,1,0,1
,"",_800,1,1,1,0,1
,"",_801,1,1,1,0,1
,"",_803,1,1,1,0,1
,"",_804,1,1,1,0,1
,"",_805,1,1,1,0,1
,"",_806,1,1,1,0,1
,"",_807,1,1,1,0,1
,"",_808,1,1,1,0,1
,"",_809,1,1,1,0,1
,"",_810,1,1,1,0,1
,"",_811,1,1,1,0,1
,"",_812,1,1,1,0,1
,"",_813,1,1,1,0,1
,"",_814,1,1,1,0,1
,"",_815,1,1,1,0,1
,"",_816,1,1,1,0,1
,"",_817,1,1,1,0,1
,"",_818,1,1,1,0,1
,"",_819,1,1,1,0,1
,"",_820,1,1,1,0,1
,"",_821,1,1,1,0,1
,"",_822,1,1,1,0,1
,"",_823,1,1,1,0,1
,"",_824,1,1,1,0,1
,"",_825,1,1,1,0,1
,"",_826,1,1,1,0,1
,"",_827,1,1,1,0,1
,"",_828,1,1,1,0,1
,"",_829,1,1,1,0,1
,"",_830,1,1,1,0,1
,"",_831,1,1,1,0,1
,"",_832,1,1,1,0,1
,"",_833,1,1,1,0,1
,"",_834,1,1,1,0,1
,"",_835,1,1,1,0,1
,"",_836,1,1,1,0,1
,"",_837,1,1,1,0,1
,"",_838,1,1,1,0,1
,"",_839,1,1,1,0,1
,"",_840,1,1,1,0,1
,"",_841,1,1,1,0,1
,"",_842,1,1,1,0,1
,"",_843,1,1,1,0,1
,"",_844,1,1,0,0,0
,"",_845,1,1,1,0,1
,"",_846,1,1,0,0,0
,"",_847,1,1,1,0,1
,"",_848,1,1,1,0,1
,"",_849,1,1,1,0,1
,"",_850,1,1,1,0,1
,"",_851,1,1,1,0,1
,"",_853,1,1,1,0,1
,"",_854,1,1,1,0,1
,"",_855,1,1,1,0,1
,"",_856,1,1,1,0,1
,"",_857,1,1,0,0,0
,"",_858,1,1,1,0,1
,"",_859,1,1,1,0,1
,"",_860,1,1,1,0,1
,"",_861,1,1,1,0,1
,"",_862,1,1,1,0,1
,"",_865,1,1,1,0,1
,"",_866,1,1,1,0,1
,"",_867,1,1,1,0,1
,"",_868,1,1,1,0,1
,"",_869,1,1,1,0,1
,"",_870,1,1,1,0,1
,"",_871,1,1,1,0,1
,"",_872,1,1,1,0,1
,"",_873,1,1,1,0,1
,"",_874,1,1,0,0,0
,"",_875,1,1,1,0,1
,"",_876,1,1,1,0,1
,"",_877,1,1,1,0,1
,"",_878,1,1,0,0,0
,"",_879,1,1,1,0,1
,"",_880,1,1,1,0,1
,"",_882,1,1,1,0,1
,"",_883,1,1,1,0,1
,"",_884,1,1,1,0,1
,"",_885,1,1,1,0,1
,"",_886,1,1,1,0,1
,"",_887,1,1,1,0,1
,"",_891,1,1,0,0,0
,"",_892,1,1,1,0,1
,"",_893,1,1,1,0,1
,"",_894,1,1,1,0,1
,"",_895,1,1,1,0,1
,"",_896,1,1,1,0,1
,"",_897,1,1,1,0,1
,"",_898,1,1,1,0,1
,"",_899,1,1,1,0,1
,"",_900,1,1,1,0,1
,"",_901,1,1,0,0,0
,"",_902,1,1,1,0,1
,"",_903,1,1,1,0,1
,"",_904,1,1,1,0,1
,"",_905,1,1,1,0,1
,"",_906,1,1,1,0,1
,"",_907,1,1,1,0,1
,"",_908,1,1,1,0,1
,"",_910,1,1,1,0,1
,"",_911,1,1,1,0,1
,"",_912,1,1,1,0,1
,"",_913,1,1,1,0,1
,"",_914,1,1,1,0,1
,"",_915,1,1,1,0,1
,"",_916,1,1,1,0,1
,"",_917,1,1,1,0,1
,"",_918,1,1,1,0,1
,"",_919,1,1,1,0,1
,"",_920,1,1,1,0,1
,"",_921,1,1,1,0,1
,"",_922,1,1,1,0,1
,"",_923,1,1,1,0,1
,"",_924,1,1,1,0,1
,"",_925,1,1,1,0,1
,"",_926,1,1,1,0,1
,"",_927,1,1,1,0,1
,"",_928,1,1,1,0,1
,"",_929,1,1,1,0,1
,"",_930,1,1,1,0,1
,"",_931,1,1,1,0,1
,"",_932,1,1,1,0,1
,"",_933,1,1,1,0,1
,"",_934,1,1,1,0,1
,"",_935,1,1,1,0,1
,"",_936,1,1,1,0,1
,"",_937,1,1,1,0,1
,"",_938,1,1,1,0,1
,"",_939,1,1,1,0,1
,"",_940,1,1,1,0,1
,"",_941,1,1,1,0,1
,"",_942,1,1,1,0,1
,"",_943,1,1,1,0,1
,"",_944,1,1,1,0,1
,"",_945,1,1,1,0,1
,"",_946,1,1,1,0,1
,"",_947,1,1,1,0,1
,"",_948,1,1,1,0,1
,"",_949,1,1,1,0,1
,"",_950,1,1,1,0,1
,"",_951,1,1,1,0,1
,"",_952,1,1,1,0,1
,"",_953,1,1,1,0,1
,"",_954,1,1,1,0,1
,"",_955,1,1,1,0,1
,"",_956,1,1,1,0,1
,"",_958,1,1,1,0,1
,"",_959,1,1,1,0,1
,"",_960,1,1,1,0,1
,"",_961,1,1,1,0,1
,"",_962,1,1,1,0,1
,"",_963,1,1,1,0,1
,"",_964,1,1,1,0,1
,"",_965,1,1,1,0,1
,"",_966,1,1,1,0,1
,"",_967,1,1,1,0,1
,"",_969,1,1,1,0,1
,"",_971,1,1,1,0,1
,"",_972,1,1,1,0,1
,"",_973,1,1,1,0,1
,"",_974,1,1,1,0,1
,"",_975,1,1,1,0,1
,"",_976,1,1,1,0,1
,"",_977,1,1,1,0,1
,"",_978,1,1,1,0,1
,"",_979,1,1,1,0,1
,"",_980,1,1,1,0,1
,"",_981,1,1,1,0,1
,"",_982,1,1,1,0,1
,"",_983,1,1,0,0,0
,"",_984,1,1,1,0,1
,"",_985,1,1,1,0,1
,"",_986,1,1,1,0,1
,"",_988,1,1,1,0,1
,"",_989,1,1,1,0,1
,"",_990,1,1,1,0,1
,"",_991,1,1,1,0,1
,"",_992,1,1,1,0,1
,"",_993,1,1,1,0,1
,"",_994,1,1,1,0,1
,"",_995,1,1,1,0,1
,"",_996,1,1,1,0,1
,"",_997,1,1,1,0,1
,"",_998,1,1,1,0,1
,"",_1000,1,1,1,0,1
,"",_1001,1,1,1,0,1
,"",_1002,1,1,1,0,1
,"",_1003,1,1,1,0,1
,"",_1004,1,1,1,0,1
,"",_1005,1,1,1,0,1
,"",_1006,1,1,1,0,1
,"",_1007,1,1,1,0,1
,"",_1008,1,1,1,0,1
,"",_1009,1,1,1,0,1
,"",_1010,1,1,1,0,1
,"",_1012,1,1,1,0,1
,"",_1013,1,1,1,0,1
,"",_1014,1,1,1,0,1
,"",_1015,1,1,1,0,1
,"",_1016,1,1,1,0,1
,"",_1017,1,1,1,0,1
,"",_1018,1,1,1,0,1
,"",_1019,1,1,1,0,1
,"",_1020,1,1,1,0,1
,"",_1021,1,1,1,0,1
,"",_1022,1,1,1,0,1
,"",_1023,1,1,1,0,1
,"",_1024,1,1,1,0,1
,"",_1025,1,1,1,0,1
,"",_1026,1,1,1,0,1
,"",_1027,1,1,1,0,1
,"",_1028,1,1,1,0,1
,"",_1029,1,1,1,0,1
,"",_1030,1,1,1,0,1
,"",_1031,1,1,1,0,1
,"",_1032,1,1,1,0,1
,"",_1033,1,1,1,0,1
,"",_1034,1,1,1,0,1
,"",_1035,1,1,1,0,1
,"",_1036,1,1,1,0,1
,"",_1037,1,1,1,0,1
,"",_1038,1,1,0,0,0
,"",_1039,1,1,1,0,1
,"",_1040,1,1,1,0,1
,"",_1041,1,1,1,0,1
,"",_1042,1,1,1,0,1
,"",_1043,1,1,1,0,1
,"",_1044,1,1,1,0,1
,"",_1045,1,1,1,0,1
,"",_1046,1,1,1,0,1
,"",_1047,1,1,1,0,1
,"",_1048,1,1,1,0,1
,"",_1049,1,1,1,0,1
,"",_1050,1,1,1,0,1
,"",_1051,1,1,1,0,1
,"",_1053,1,1,1,0,1
,"",_1054,1,1,1,0,1
,"",_1055,1,1,1,0,1
,"",_1056,1,1,1,0,1
,"",_1057,1,1,1,0,1
,"",_1058,1,1,1,0,1
,"",_1059,1,1,0,0,0
,"",_1060,1,1,0,1,1
,"",_1061,1,1,1,0,1
,"",_1062,1,1,1,0,1
,"",_1063,1,1,1,0,1
,"",_1064,1,1,1,0,1
,"",_1065,1,1,1,0,1
,"",_1066,1,1,0,0,0
,"",_1067,1,1,1,0,1
,"",_1069,1,1,1,0,1
,"",_1070,1,1,1,0,1
,"",_1071,1,1,1,0,1
,"",_1072,1,1,1,0,1
,"",_1073,1,1,1,0,1
,"",_1074,1,1,1,0,1
,"",_1075,1,1,1,0,1
,"",_1076,1,1,1,0,1
,"",_1077,1,1,1,0,1
,"",_1078,1,1,1,0,1
,"",_1079,1,1,1,0,1
,"",_1080,1,1,1,0,1
,"",_1081,1,1,1,0,1
,"",_1083,1,1,0,0,0
,"",_1084,1,1,1,0,1
,"",_1086,1,1,1,0,1
,"",_1087,1,1,1,0,1
,"",_1088,1,1,1,0,1
,"",_1089,1,1,1,0,1
,"",_1090,1,1,1,0,1
,"",_1091,1,1,1,0,1
,"",_1092,1,1,1,0,1
,"",_1093,1,1,1,0,1
,"",_1094,1,1,1,0,1
,"",_1095,1,1,1,0,1
,"",_1096,1,1,1,0,1
,"",_1097,1,1,1,0,1
,"",_1098,1,1,1,0,1
,"",_1099,1,1,1,0,1
,"",_1100,1,1,1,0,1
,"",_1102,1,1,1,0,1
,"",_1103,1,1,1,0,1
,"",_1104,1,1,1,0,1
,"",_1105,1,1,1,0,1
,"",_1106,1,1,1,0,1
,"",_1108,1,1,1,0,1
,"",_1109,1,1,1,0,1
,"",_1110,1,1,1,0,1
,"",_1111,1,1,1,0,1
,"",_1112,1,1,1,0,1
,"",_1114,1,1,1,0,1
,"",_1115,1,1,1,0,1
,"",_1116,1,1,1,0,1
,"",_1117,1,1,1,0,1
,"",_1118,1,1,1,0,1
,"",_1119,1,1,1,0,1
,"",_1120,1,1,1,0,1
,"",_1121,1,1,1,0,1
,"",_1122,1,1,0,0,0
,"",_1123,1,1,1,0,1
,"",_1124,1,1,1,0,1
,"",_1125,1,1,1,0,1
,"",_1126,1,1,0,0,0
,"",_1127,1,1,0,0,0
,"",_1128,1,1,1,0,1
,"",_1129,1,1,1,0,1
,"",_1130,1,1,1,0,1
,"",_1131,1,1,1,0,1
,"",_1132,1,1,1,0,1
,"",_1133,1,1,1,0,1
,"",_1135,1,1,1,0,1
,"",_1136,1,1,1,0,1
,"",_1137,1,1,1,0,1
,"",_1138,1,1,1,0,1
,"",_1139,1,1,1,0,1
,"",_1140,1,1,1,0,1
,"",_1141,1,1,1,0,1
,"",_1142,1,1,1,0,1
,"",_1144,1,1,1,0,1
,"",_1145,1,1,1,0,1
,"",_1146,1,1,1,0,1
,"",_1147,1,1,1,0,1
,"",_1148,1,1,1,0,1
,"",_1149,1,1,1,0,1
,"",_1150,1,1,1,0,1
,"",_1151,1,1,1,0,1
,"",_1152,1,1,1,0,1
,"",_1153,1,1,1,0,1
,"",_1154,1,1,1,0,1
,"",_1155,1,1,0,0,0
,"",_1156,1,1,1,0,1
,"",_1157,1,1,1,0,1
,"",_1158,1,1,1,0,1
,"",_1159,1,1,1,0,1
,"",_1160,1,1,1,0,1
,"",_1161,1,1,1,0,1
,"",_1162,1,1,1,0,1
,"",_1163,1,1,1,0,1
,"",_1164,1,1,1,0,1
,"",_1165,1,1,1,0,1
,"",_1166,1,1,1,0,1
,"",_1167,1,1,1,0,1
,"",_1168,1,1,1,0,1
,"",_1170,1,1,1,0,1
,"",_1171,1,1,1,0,1
,"",_1172,1,1,1,0,1
,"",_1173,1,1,1,0,1
,"",_1174,1,1,1,0,1
,"",_1175,1,1,1,0,1
,"",_1176,1,1,1,0,1
,"",_1177,1,1,0,1,1
,"",_1178,1,1,1,0,1
,"",_1179,1,1,1,0,1
,"",_1180,1,1,1,0,1
,"",_1181,1,1,1,0,1
,"",_1182,1,1,1,0,1
,"",_1183,1,1,1,0,1
,"",_1184,1,1,1,0,1
,"",_1185,1,1,0,1,1
,"",_1186,1,1,0,0,0
,"",_1187,1,1,1,0,1
,"",_1188,1,1,1,0,1
,"",_1189,1,1,1,0,1
,"",_1190,1,1,1,0,1
,"",_1192,1,1,1,0,1
,"",_1193,1,1,1,0,1
,"",_1194,1,1,1,0,1
,"",_1196,1,1,1,0,1
,"",_1197,1,1,1,0,1
,"",_1198,1,1,1,0,1
,"",_1199,1,1,1,0,1
,"",_1200,1,1,1,0,1
,"",_1202,1,1,1,0,1
,"",_1203,1,1,0,1,1
,"",_1205,1,1,1,0,1
,"",_1206,1,1,1,0,1
,"",_1207,1,1,1,0,1
,"",_1209,1,1,1,0,1
,"",_1210,1,1,1,0,1
,"",_1211,1,1,1,0,1
,"",_1212,1,1,1,0,1
,"",_1213,1,1,0,0,0
,"",_1215,1,1,1,0,1
,"",_1216,1,1,1,0,1
,"",_1217,1,1,1,0,1
,"",_1218,1,1,1,0,1
,"",_1219,1,1,1,0,1
,"",_1220,1,1,1,0,1
,"",_1221,1,1,1,0,1
,"",_1222,1,1,1,0,1
,"",_1223,1,1,1,0,1
,"",_1224,1,1,1,0,1
,"",_1225,1,1,1,0,1
,"",_1226,1,1,1,0,1
,"",_1227,1,1,1,0,1
,"",_1228,1,1,0,1,1
,"",_1229,1,1,1,0,1
,"",_1230,1,1,1,0,1
,"",_1231,1,1,1,0,1
,"",_1232,1,1,0,0,0
,"",_1233,1,1,1,0,1
,"",_1234,1,1,1,0,1
,"",_1235,1,1,1,0,1
,"",_1236,1,1,1,0,1
,"",_1237,1,1,1,0,1
,"",_1238,1,1,1,0,1
,"",_1239,1,1,1,0,1
,"",_1240,1,1,1,0,1
,"",_1241,1,1,1,0,1
,"",_1242,1,1,1,0,1
,"",_1243,1,1,1,0,1
,"",_1244,1,1,1,0,1
,"",_1245,1,1,1,0,1
,"",_1247,1,1,1,0,1
,"",_1248,1,1,1,0,1
,"",_1249,1,1,1,0,1
,"",_1250,1,1,1,0,1
,"",_1251,1,1,1,0,1
,"",_1252,1,1,1,0,1
,"",_1253,1,1,1,0,1
,"",_1254,1,1,1,0,1
,"",_1255,1,1,1,0,1
,"",_1256,1,1,1,0,1
,"",_1257,1,1,1,0,1
,"",_1258,1,1,1,0,1
,"",_1259,1,1,0,0,0
,"",_1260,1,1,1,0,1
,"",_1261,1,1,1,0,1
,"",_1262,1,1,1,0,1
,"",_1263,1,1,1,0,1
,"",_1264,1,1,1,0,1
,"",_1265,1,1,1,0,1
,"",_1266,1,1,1,0,1
,"",_1267,1,1,1,0,1
,"",_1268,1,1,1,0,1
,"",_1269,1,1,1,0,1
,"",_1270,1,1,1,0,1
,"",_1271,1,1,1,0,1
,"",_1272,1,1,1,0,1
,"",_1274,1,1,1,0,1
,"",_1275,1,1,1,0,1
,"",_1276,1,1,1,0,1
,"",_1277,1,1,0,1,1
,"",_1278,1,1,1,0,1
,"",_1279,1,1,1,0,1
,"",_1280,1,1,1,0,1
,"",_1281,1,1,1,0,1
,"",_1282,1,1,1,0,1
,"",_1283,1,1,1,0,1
,"",_1284,1,1,1,0,1
,"",_1285,1,1,1,0,1
,"",_1286,1,1,1,0,1
,"",_1287,1,1,1,0,1
,"",_1288,1,1,1,0,1
,"",_1289,1,1,1,0,1
,"",_1290,1,1,1,0,1
,"",_1292,1,1,1,0,1
,"",_1293,1,1,1,0,1
,"",_1295,1,1,1,0,1
,"",_1296,1,1,1,0,1
,"",_1297,1,1,1,0,1
,"",_1298,1,1,1,0,1
,"",_1299,1,1,1,0,1
,"",_1301,1,1,1,0,1
,"",_1302,1,1,1,0,1
,"",_1303,1,1,1,0,1
,"",_1304,1,1,0,0,0
,"",_1305,1,1,1,0,1
,"",_1306,1,1,1,0,1
,"",_1307,1,1,1,0,1
,"",_1309,1,1,1,0,1
,"",_1310,1,1,0,0,0
,"",_1311,1,1,1,0,1
,"",_1312,1,1,1,0,1
,"",_1313,1,1,1,0,1
,"",_1314,1,1,1,0,1
,"",_1315,1,1,1,0,1
,"",_1316,1,1,1,0,1
,"",_1317,1,1,1,0,1
,"",_1318,1,1,1,0,1
,"",_1319,1,1,0,0,0
,"",_1320,1,1,1,0,1
,"",_1321,1,1,1,0,1
,"",_1322,1,1,1,0,1
,"",_1323,1,1,1,0,1
,"",_1324,1,1,1,0,1
,"",_1325,1,1,1,0,1
,"",_1326,1,1,0,1,1
,"",_1327,1,1,1,0,1
,"",_1328,1,1,1,0,1
,"",_1329,1,1,1,0,1
,"",_1330,1,1,1,0,1
,"",_1331,1,1,1,0,1
,"",_1332,1,1,1,0,1
,"",_1333,1,1,1,0,1
,"",_1334,1,1,1,0,1
,"",_1335,1,1,1,0,1
,"",_1336,1,1,1,0,1
,"",_1337,1,1,1,0,1
,"",_1338,1,1,0,1,1
,"",_1339,1,1,1,0,1
,"",_1340,1,1,1,0,1
,"",_1341,1,1,0,1,1
,"",_1342,1,1,1,0,1
,"",_1343,1,1,1,0,1
,"",_1344,1,1,1,0,1
,"",_1345,1,1,1,0,1
,"",_1346,1,1,1,0,1
,"",_1348,1,1,1,0,1
,"",_1349,1,1,1,0,1
,"",_1350,1,1,1,0,1
,"",_1351,1,1,1,0,1
,"",_1352,1,1,1,0,1
,"",_1353,1,1,1,0,1
,"",_1354,1,1,1,0,1
,"",_1355,1,1,1,0,1
,"",_1356,1,1,1,0,1
,"",_1358,1,1,1,0,1
,"",_1360,1,1,1,0,1
,"",_1361,1,1,1,0,1
,"",_1362,1,1,1,0,1
,"",_1363,1,1,1,0,1
,"",_1364,1,1,1,0,1
,"",_1365,1,1,1,0,1
,"",_1366,1,1,1,0,1
,"",_1367,1,1,1,0,1
,"",_1368,1,1,1,0,1
,"",_1369,1,1,1,0,1
,"",_1370,1,1,1,0,1
,"",_1371,1,1,1,0,1
,"",_1372,1,1,1,0,1
,"",_1373,1,1,1,0,1
,"",_1375,1,1,1,0,1
,"",_1376,1,1,1,0,1
,"",_1377,1,1,1,0,1
,"",_1378,1,1,1,0,1
,"",_1379,1,1,1,0,1
,"",_1380,1,1,1,0,1
,"",_1381,1,1,1,0,1
,"",_1382,1,1,1,0,1
,"",_1383,1,1,1,0,1
,"",_1384,1,1,1,0,1
,"",_1385,1,1,1,0,1
,"",_1386,1,1,1,0,1
,"",_1387,1,1,1,0,1
,"",_1388,1,1,1,0,1
,"",_1389,1,1,1,0,1
,"",_1390,1,1,0,0,0
,"",_1391,1,1,1,0,1
,"",_1392,1,1,1,0,1
,"",_1394,1,1,1,0,1
,"",_1395,1,1,1,0,1
,"",_1396,1,1,1,0,1
,"",_1398,1,1,1,0,1
,"",_1399,1,1,1,0,1
,"",_1401,1,1,1,0,1
,"",_1402,1,1,1,0,1
,"",_1403,1,1,1,0,1
,"",_1404,1,1,1,0,1
,"",_1405,1,1,1,0,1
,"",_1406,1,1,1,0,1
,"",_1407,1,1,1,0,1
,"",_1408,1,1,1,0,1
,"",_1409,1,1,1,0,1
,"",_1410,1,1,1,0,1
,"",_1411,1,1,1,0,1
,"",_1412,1,1,1,0,1
,"",_1413,1,1,1,0,1
,"",_1414,1,1,1,0,1
,"",_1415,1,1,1,0,1
,"",_1416,1,1,1,0,1
,"",_1417,1,1,1,0,1
,"",_1418,1,1,1,0,1
,"",_1419,1,1,1,0,1
,"",_1420,1,1,1,0,1
,"",_1421,1,1,1,0,1
,"",_1423,1,1,1,0,1
,"",_1424,1,1,1,0,1
,"",_1425,1,1,1,0,1
,"",_1426,1,1,1,0,1
,"",_1427,1,1,1,0,1
,"",_1428,1,1,0,0,0
,"",_1429,1,1,1,0,1
,"",_1430,1,1,1,0,1
,"",_1431,1,1,1,0,1
,"",_1432,1,1,1,0,1
,"",_1433,1,1,1,0,1
,"",_1435,1,1,1,0,1
,"",_1436,1,1,1,0,1
,"",_1437,1,1,1,0,1
,"",_1438,1,1,1,0,1
,"",_1439,1,1,1,0,1
,"",_1440,1,1,1,0,1
,"",_1441,1,1,1,0,1
,"",_1442,1,1,1,0,1
,"",_1444,1,1,1,0,1
,"",_1445,1,1,1,0,1
,"",_1446,1,1,1,0,1
,"",_1447,1,1,1,0,1
,"",_1448,1,1,0,1,1
,"",_1449,1,1,1,0,1
,"",_1450,1,1,1,0,1
,"",_1451,1,1,1,0,1
,"",_1452,1,1,1,0,1
,"",_1453,1,1,1,0,1
,"",_1454,1,1,1,0,1
,"",_1455,1,1,1,0,1
,"",_1456,1,1,0,0,0
,"",_1457,1,1,1,0,1
,"",_1458,1,1,1,0,1
,"",_1459,1,1,1,0,1
,"",_1460,1,1,1,0,1
,"",_1462,1,1,1,0,1
,"",_1463,1,1,1,0,1
,"",_1464,1,1,1,0,1
,"",_1465,1,1,1,0,1
,"",_1467,1,1,1,0,1
,"",_1468,1,1,1,0,1
,"",_1469,1,1,1,0,1
,"",_1470,1,1,1,0,1
,"",_1471,1,1,1,0,1
,"",_1472,1,1,1,0,1
,"",_1473,1,1,1,0,1
,"",_1474,1,1,1,0,1
,"",_1475,1,1,1,0,1
,"",_1476,1,1,1,0,1
,"",_1477,1,1,1,0,1
,"",_1478,1,1,1,0,1
,"",_1479,1,1,1,0,1
,"",_1480,1,1,1,0,1
,"",_1481,1,1,0,0,0
,"",_1482,1,1,1,0,1
,"",_1483,1,1,1,0,1
,"",_1484,1,1,1,0,1
,"",_1485,1,1,1,0,1
,"",_1486,1,1,1,0,1
,"",_1487,1,1,1,0,1
,"",_1488,1,1,1,0,1
,"",_1489,1,1,1,0,1
,"",_1490,1,1,1,0,1
,"",_1491,1,1,1,0,1
,"",_1492,1,1,1,0,1
,"",_1493,1,1,1,0,1
,"",_1494,1,1,1,0,1
,"",_1495,1,1,1,0,1
,"",_1496,1,1,1,0,1
,"",_1497,1,1,1,0,1
,"",_1498,1,1,1,0,1
,"",_1499,1,1,1,0,1
,"",_1500,1,1,1,0,1
,"",_1501,1,1,1,0,1
,"",_1502,1,1,1,0,1
,"",_1503,1,1,1,0,1
,"",_1504,1,1,1,0,1
,"",_1505,1,1,1,0,1
,"",_1506,1,1,1,0,1
,"",_1507,1,1,1,0,1
,"",_1508,1,1,1,0,1
,"",_1509,1,1,1,0,1
,"",_1510,1,1,1,0,1
,"",_1511,1,1,1,0,1
,"",_1513,1,1,1,0,1
,"",_1514,1,1,1,0,1
,"",_1515,1,1,1,0,1
,"",_1516,1,1,1,0,1
,"",_1517,1,1,1,0,1
,"",_1518,1,1,0,0,0
,"",_1519,1,1,1,0,1
,"",_1521,1,1,1,0,1
,"",_1522,1,1,1,0,1
,"",_1523,1,1,1,0,1
,"",_1524,1,1,1,0,1
,"",_1525,1,1,1,0,1
,"",_1526,1,1,1,0,1
,"",_1527,1,1,1,0,1
,"",_1528,1,1,1,0,1
,"",_1531,1,1,1,0,1
,"",_1532,1,1,1,0,1
,"",_1534,1,1,1,0,1
,"",_1535,1,1,0,0,0
,"",_1536,1,1,1,0,1
,"",_1537,1,1,1,0,1
,"",_1538,1,1,0,0,0
,"",_1539,1,1,1,0,1
,"",_1540,1,1,1,0,1
,"",_1541,1,1,1,0,1
,"",_1542,1,1,0,0,0
,"",_1543,1,1,1,0,1
,"",_1544,1,1,1,0,1
,"",_1545,1,1,1,0,1
,"",_1546,1,1,1,0,1
,"",_1547,1,1,1,0,1
,"",_1548,1,1,1,0,1
,"",_1549,1,1,1,0,1
,"",_1550,1,1,1,0,1
,"",_1551,1,1,1,0,1
,"",_1552,1,1,1,0,1
,"",_1553,1,1,1,0,1
,"",_1554,1,1,1,0,1
,"",_1555,1,1,1,0,1
,"",_1557,1,1,1,0,1
,"",_1558,1,1,1,0,1
,"",_1559,1,1,1,0,1
,"",_1561,1,1,1,0,1
,"",_1562,1,1,1,0,1
,"",_1563,1,1,1,0,1
,"",_1564,1,1,1,0,1
,"",_1565,1,1,1,0,1
,"",_1566,1,1,0,1,1
,"",_1568,1,1,1,0,1
,"",_1569,1,1,1,0,1
,"",_1570,1,1,1,0,1
,"",_1572,1,1,1,0,1
,"",_1573,1,1,1,0,1
,"",_1574,1,1,1,0,1
,"",_1575,1,1,1,0,1
,"",_1576,1,1,1,0,1
,"",_1577,1,1,1,0,1
,"",_1578,1,1,1,0,1
,"",_1579,1,1,1,0,1
,"",_1580,1,1,1,0,1
,"",_1582,1,1,1,0,1
,"",_1583,1,1,1,0,1
,"",_1584,1,1,1,0,1
,"",_1585,1,1,1,0,1
,"",_1586,1,1,1,0,1
,"",_1587,1,1,1,0,1
,"",_1588,1,1,1,0,1
,"",_1589,1,1,1,0,1
,"",_1590,1,1,1,0,1
,"",_1592,1,1,1,0,1
,"",_1594,1,1,1,0,1
,"",_1595,1,1,1,0,1
,"",_1596,1,1,1,0,1
,"",_1598,1,1,1,0,1
,"",_1599,1,1,1,0,1
,"",_1600,1,1,1,0,1
,"",_1601,1,1,1,0,1
,"",_1602,1,1,1,0,1
,"",_1603,1,1,1,0,1
,"",_1604,1,1,1,0,1
,"",_1605,1,1,1,0,1
,"",_1606,1,1,1,0,1
,"",_1607,1,1,1,0,1
,"",_1608,1,1,1,0,1
,"",_1609,1,1,1,0,1
,"",_1610,1,1,1,0,1
,"",_1611,1,1,1,0,1
,"",_1612,1,1,1,0,1
,"",_1613,1,1,1,0,1
,"",_1614,1,1,1,0,1
,"",_1615,1,1,1,0,1
,"",_1616,1,1,1,0,1
,"",_1617,1,1,1,0,1
,"",_1618,1,1,1,0,1
,"",_1619,1,1,1,0,1
,"",_1620,1,1,1,0,1
,"",_1621,1,1,1,0,1
,"",_1622,1,1,1,0,1
,"",_1623,1,1,1,0,1
,"",_1624,1,1,1,0,1
,"",_1625,1,1,1,0,1
,"",_1626,1,1,1,0,1
,"",_1627,1,1,1,0,1
,"",_1628,1,1,1,0,1
,"",_1629,1,1,1,0,1
,"",_1631,1,1,1,0,1
,"",_1632,1,1,1,0,1
,"",_1633,1,1,1,0,1
,"",_1634,1,1,1,0,1
,"",_1636,1,1,1,0,1
,"",_1638,1,1,1,0,1
,"",_1639,1,1,0,0,0
,"",_1640,1,1,1,0,1
,"",_1641,1,1,1,0,1
,"",_1642,1,1,1,0,1
,"",_1643,1,1,1,0,1
,"",_1644,1,1,1,0,1
,"",_1645,1,1,1,0,1
,"",_1646,1,1,1,0,1
,"",_1647,1,1,1,0,1
,"",_1648,1,1,1,0,1
,"",_1649,1,1,1,0,1
,"",_1650,1,1,1,0,1
,"",_1651,1,1,1,0,1
,"",_1652,1,1,1,0,1
,"",_1653,1,1,1,0,1
,"",_1654,1,1,1,0,1
,"",_1655,1,1,1,0,1
,"",_1656,1,1,1,0,1
,"",_1657,1,1,1,0,1
,"",_1658,1,1,1,0,1
,"",_1659,1,1,1,0,1
,"",_1660,1,1,1,0,1
,"",_1661,1,1,1,0,1
,"",_1662,1,1,1,0,1
,"",_1663,1,1,1,0,1
,"",_1664,1,1,1,0,1
,"",_1665,1,1,1,0,1
,"",_1667,1,1,1,0,1
,"",_1668,1,1,1,0,1
,"",_1669,1,1,1,0,1
,"",_1670,1,1,0,0,0
,"",_1671,1,1,1,0,1
,"",_1672,1,1,1,0,1
,"",_1673,1,1,1,0,1
,"",_1674,1,1,1,0,1
,"",_1675,1,1,1,0,1
,"",_1676,1,1,1,0,1
,"",_1677,1,1,1,0,1
,"",_1678,1,1,1,0,1
,"",_1679,1,1,1,0,1
,"",_1680,1,1,1,0,1
,"",_1682,1,1,1,0,1
,"",_1683,1,1,1,0,1
,"",_1684,1,1,1,0,1
,"",_1685,1,1,1,0,1
,"",_1686,1,1,1,0,1
,"",_1687,1,1,1,0,1
,"",_1688,1,1,1,0,1
,"",_1689,1,1,1,0,1
,"",_1690,1,1,1,0,1
,"",_1691,1,1,1,0,1
,"",_1692,1,1,1,0,1
,"",_1693,1,1,1,0,1
,"",_1694,1,1,1,0,1
,"",_1695,1,1,1,0,1
,"",_1696,1,1,1,0,1
,"",_1697,1,1,1,0,1
,"",_1698,1,1,1,0,1
,"",_1699,1,1,1,0,1
,"",_1700,1,1,0,0,0
,"",_1701,1,1,1,0,1
,"",_1702,1,1,1,0,1
,"",_1703,1,1,1,0,1
,"",_1704,1,1,1,0,1
,"",_1705,1,1,1,0,1
,"",_1706,1,1,1,0,1
,"",_1707,1,1,1,0,1
,"",_1708,1,1,1,0,1
,"",_1709,1,1,1,0,1
,"",_1710,1,1,1,0,1
,"",_1711,1,1,1,0,1
,"",_1712,1,1,1,0,1
,"",_1713,1,1,1,0,1
,"",_1714,1,1,1,0,1
,"",_1715,1,1,1,0,1
,"",_1717,1,1,1,0,1
,"",_1718,1,1,1,0,1
,"",_1719,1,1,1,0,1
,"",_1720,1,1,0,0,0
,"",_1723,1,1,1,0,1
,"",_1725,1,1,1,0,1
,"",_1726,1,1,1,0,1
,"",_1727,1,1,1,0,1
,"",_1728,1,1,0,0,0
,"",_1729,1,1,1,0,1
,"",_1730,1,1,1,0,1
,"",_1731,1,1,1,0,1
,"",_1732,1,1,1,0,1
,"",_1733,1,1,1,0,1
,"",_1734,1,1,1,0,1
,"",_1735,1,1,1,0,1
,"",_1736,1,1,1,0,1
,"",_1737,1,1,1,0,1
,"",_1738,1,1,1,0,1
,"",_1739,1,1,1,0,1
,"",_1740,1,1,1,0,1
,"",_1741,1,1,1,0,1
,"",_1742,1,1,1,0,1
,"",_1743,1,1,1,0,1
,"",_1744,1,1,1,0,1
,"",_1745,1,1,1,0,1
,"",_1746,1,1,1,0,1
,"",_1747,1,1,1,0,1
,"",_1748,1,1,1,0,1
,"",_1750,1,1,1,0,1
,"",_1751,1,1,1,0,1
,"",_1752,1,1,1,0,1
,"",_1753,1,1,1,0,1
,"",_1754,1,1,1,0,1
,"",_1755,1,1,1,0,1
,"",_1756,1,1,1,0,1
,"",_1757,1,1,1,0,1
,"",_1758,1,1,1,0,1
,"",_1759,1,1,1,0,1
,"",_1760,1,1,1,0,1
,"",_1762,1,1,1,0,1
,"",_1763,1,1,1,0,1
,"",_1764,1,1,1,0,1
,"",_1765,1,1,1,0,1
,"",_1766,1,1,1,0,1
,"",_1767,1,1,1,0,1
,"",_1768,1,1,1,0,1
,"",_1769,1,1,1,0,1
,"",_1770,1,1,1,0,1
,"",_1771,1,1,1,0,1
,"",_1772,1,1,1,0,1
,"",_1773,1,1,1,0,1
,"",_1774,1,1,1,0,1
,"",_1775,1,1,1,0,1
,"",_1776,1,1,0,1,1
,"",_1777,1,1,1,0,1
,"",_1778,1,1,1,0,1
,"",_1779,1,1,1,0,1
,"",_1780,1,1,1,0,1
,"",_1781,1,1,1,0,1
,"",_1783,1,1,1,0,1
,"",_1784,1,1,0,0,0
,"",_1785,1,1,1,0,1
,"",_1786,1,1,1,0,1
,"",_1787,1,1,1,0,1
,"",_1788,1,1,1,0,1
,"",_1789,1,1,1,0,1
,"",_1790,1,1,0,0,0
,"",_1791,1,1,1,0,1
,"",_1792,1,1,1,0,1
,"",_1793,1,1,1,0,1
,"",_1795,1,1,1,0,1
,"",_1796,1,1,1,0,1
,"",_1797,1,1,1,0,1
,"",_1798,1,1,1,0,1
,"",_1799,1,1,1,0,1
,"",_1800,1,1,1,0,1
,"",_1802,1,1,1,0,1
,"",_1803,1,1,1,0,1
,"",_1804,1,1,1,0,1
,"",_1805,1,1,1,0,1
,"",_1806,1,1,1,0,1
,"",_1807,1,1,1,0,1
,"",_1808,1,1,1,0,1
,"",_1809,1,1,1,0,1
,"",_1810,1,1,1,0,1
,"",_1811,1,1,1,0,1
,"",_1812,1,1,1,0,1
,"",_1813,1,1,1,0,1
,"",_1814,1,1,1,0,1
,"",_1816,1,1,1,0,1
,"",_1817,1,1,1,0,1
,"",_1819,1,1,1,0,1
,"",_1820,1,1,1,0,1
,"",_1821,1,1,1,0,1
,"",_1822,1,1,1,0,1
,"",_1823,1,1,1,0,1
,"",_1824,1,1,1,0,1
,"",_1825,1,1,1,0,1
,"",_1826,1,1,1,0,1
,"",_1827,1,1,0,0,0
,"",_1828,1,1,1,0,1
,"",_1829,1,1,1,0,1
,"",_1831,1,1,1,0,1
,"",_1832,1,1,1,0,1
,"",_1833,1,1,1,0,1
,"",_1834,1,1,1,0,1
,"",_1835,1,1,1,0,1
,"",_1836,1,1,1,0,1
,"",_1838,1,1,0,0,0
,"",_1839,1,1,1,0,1
,"",_1840,1,1,1,0,1
,"",_1841,1,1,1,0,1
,"",_1842,1,1,1,0,1
,"",_1843,1,1,0,0,0
,"",_1844,1,1,1,0,1
,"",_1845,1,1,1,0,1
,"",_1846,1,1,1,0,1
,"",_1847,1,1,1,0,1
,"",_1848,1,1,1,0,1
,"",_1849,1,1,1,0,1
,"",_1850,1,1,1,0,1
,"",_1851,1,1,1,0,1
,"",_1852,1,1,1,0,1
,"",_1853,1,1,1,0,1
,"",_1854,1,1,1,0,1
,"",_1855,1,1,1,0,1
,"",_1856,1,1,1,0,1
,"",_1857,1,1,1,0,1
,"",_1858,1,1,1,0,1
,"",_1859,1,1,1,0,1
,"",_1860,1,1,1,0,1
,"",_1861,1,1,1,0,1
,"",_1862,1,1,1,0,1
,"",_1863,1,1,1,0,1
,"",_1864,1,1,1,0,1
,"",_1865,1,1,1,0,1
,"",_1866,1,1,1,0,1
,"",_1867,1,1,1,0,1
,"",_1868,1,1,1,0,1
,"",_1869,1,1,1,0,1
,"",_1870,1,1,1,0,1
,"",_1871,1,1,1,0,1
,"",_1872,1,1,1,0,1
,"",_1874,1,1,1,0,1
,"",_1875,1,1,1,0,1
,"",_1877,1,1,1,0,1
,"",_1878,1,1,1,0,1
,"",_1879,1,1,1,0,1
,"",_1880,1,1,1,0,1
,"",_1881,1,1,1,0,1
,"",_1882,1,1,1,0,1
,"",_1883,1,1,1,0,1
,"",_1884,1,1,1,0,1
,"",_1885,1,1,1,0,1
,"",_1886,1,1,1,0,1
,"",_1887,1,1,1,0,1
,"",_1888,1,1,1,0,1
,"",_1889,1,1,1,0,1
,"",_1890,1,1,1,0,1
,"",_1891,1,1,1,0,1
,"",_1892,1,1,1,0,1
,"",_1893,1,1,1,0,1
,"",_1894,1,1,1,0,1
,"",_1895,1,1,0,1,1
,"",_1896,1,1,1,0,1
,"",_1897,1,1,1,0,1
,"",_1898,1,1,1,0,1
,"",_1899,1,1,1,0,1
,"",_1900,1,1,1,0,1
,"",_1901,1,1,0,0,0
,"",_1902,1,1,1,0,1
,"",_1903,1,1,1,0,1
,"",_1904,1,1,1,0,1
,"",_1905,1,1,1,0,1
,"",_1906,1,1,1,0,1
,"",_1907,1,1,0,0,0
,"",_1908,1,1,1,0,1
,"",_1910,1,1,1,0,1
,"",_1911,1,1,1,0,1
,"",_1913,1,1,1,0,1
,"",_1914,1,1,1,0,1
,"",_1915,1,1,1,0,1
,"",_1917,1,1,1,0,1
,"",_1918,1,1,1,0,1
,"",_1919,1,1,0,0,0
,"",_1920,1,1,1,0,1
,"",_1921,1,1,1,0,1
,"",_1922,1,1,1,0,1
,"",_1923,1,1,1,0,1
,"",_1924,1,1,1,0,1
,"",_1925,1,1,1,0,1
,"",_1926,1,1,1,0,1
,"",_1928,1,1,1,0,1
,"",_1930,1,1,1,0,1
,"",_1931,1,1,1,0,1
,"",_1932,1,1,1,0,1
,"",_1933,1,1,1,0,1
,"",_1934,1,1,1,0,1
,"",_1935,1,1,1,0,1
,"",_1936,1,1,1,0,1
,"",_1937,1,1,1,0,1
,"",_1938,1,1,1,0,1
,"",_1939,1,1,1,0,1
,"",_1941,1,1,1,0,1
,"",_1942,1,1,1,0,1
,"",_1944,1,1,1,0,1
,"",_1945,1,1,1,0,1
,"",_1946,1,1,1,0,1
,"",_1948,1,1,1,0,1
,"",_1950,1,1,1,0,1
,"",_1951,1,1,1,0,1
,"",_1952,1,1,1,0,1
,"",_1953,1,1,1,0,1
,"",_1954,1,1,1,0,1
,"",_1955,1,1,1,0,1
,"",_1956,1,1,1,0,1
,"",_1957,1,1,1,0,1
,"",_1958,1,1,1,0,1
,"",_1960,1,1,1,0,1
,"",_1961,1,1,1,0,1
,"",_1963,1,1,1,0,1
,"",_1964,1,1,1,0,1
,"",_1965,1,1,1,0,1
,"",_1966,1,1,1,0,1
,"",_1967,1,1,1,0,1
,"",_1968,1,1,0,0,0
,"",_1969,1,1,1,0,1
,"",_1970,1,1,1,0,1
,"",_1971,1,1,1,0,1
,"",_1972,1,1,1,0,1
,"",_1973,1,1,1,0,1
,"",_1974,1,1,1,0,1
,"",_1975,1,1,1,0,1
,"",_1976,1,1,1,0,1
,"",_1977,1,1,1,0,1
,"",_1978,1,1,0,0,0
,"",_1979,1,1,1,0,1
,"",_1980,1,1,1,0,1
,"",_1981,1,1,1,0,1
,"",_1982,1,1,1,0,1
,"",_1983,1,1,1,0,1
,"",_1984,1,1,0,0,0
,"",_1985,1,1,1,0,1
,"",_1986,1,1,1,0,1
,"",_1987,1,1,0,0,0
,"",_1988,1,1,1,0,1
,"",_1989,1,1,1,0,1
,"",_1990,1,1,1,0,1
,"",_1991,1,1,0,0,0
,"",_1992,1,1,1,0,1
,"",_1993,1,1,1,0,1
,"",_1994,1,1,1,0,1
,"",_1995,1,1,1,0,1
,"",_1996,1,1,1,0,1
,"",_1997,1,1,1,0,1
,"",_1998,1,1,1,0,1
,"",_1999,1,1,1,0,1
,"",_2000,1,1,1,0,1
,"",_2001,1,1,1,0,1
,"",_2002,1,1,1,0,1
,"",_2003,1,1,1,0,1
,"",_2004,1,1,1,0,1
,"",_2006,1,1,1,0,1
,"",_2007,1,1,1,0,1
,"",_2009,1,1,1,0,1
,"",_2010,1,1,1,0,1
,"",_2011,1,1,1,0,1
,"",_2012,1,1,1,0,1
,"",_2013,1,1,1,0,1
,"",_2014,1,1,1,0,1
,"",_2015,1,1,0,1,1
,"",_2016,1,1,1,0,1
,"",_2017,1,1,1,0,1
,"",_2018,1,1,1,0,1
,"",_2019,1,1,1,0,1
,"",_2020,1,1,1,0,1
,"",_2021,1,1,1,0,1
,"",_2022,1,1,1,0,1
,"",_2024,1,1,1,0,1
,"",_2025,1,1,1,0,1
,"",_2026,1,1,1,0,1
,"",_2027,1,1,1,0,1
,"",_2028,1,1,1,0,1
,"",_2029,1,1,1,0,1
,"",_2030,1,1,1,0,1
,"",_2031,1,1,1,0,1
,"",_2032,1,1,1,0,1
,"",_2033,1,1,1,0,1
,"",_2034,1,1,1,0,1
,"",_2035,1,1,1,0,1
,"",_2036,1,1,1,0,1
,"",_2037,1,1,1,0,1
,"",_2038,1,1,1,0,1
,"",_2039,1,1,1,0,1
,"",_2040,1,1,1,0,1
,"",_2041,1,1,1,0,1
,"",_2042,1,1,1,0,1
,"",_2043,1,1,1,0,1
,"",_2044,1,1,1,0,1
,"",_2045,1,1,1,0,1
,"",_2046,1,1,1,0,1
,"",_2047,1,1,1,0,1
,"",_2048,1,1,1,0,1
,"",_2049,1,1,1,0,1
,"",_2050,1,1,1,0,1
,"",_2051,1,1,1,0,1
,"",_2052,1,1,1,0,1
,"",_2053,1,1,1,0,1
,"",_2054,1,1,1,0,1
,"",_2055,1,1,1,0,1
,"",_2056,1,1,1,0,1
,"",_2057,1,1,1,0,1
,"",_2058,1,1,1,0,1
,"",_2059,1,1,1,0,1
,"",_2060,1,1,1,0,1
,"",_2061,1,1,1,0,1
,"",_2062,1,1,1,0,1
,"",_2063,1,1,1,0,1
,"",_2064,1,1,1,0,1
,"",_2066,1,1,1,0,1
,"",_2067,1,1,1,0,1
,"",_2068,1,1,0,0,0
,"",_2069,1,1,1,0,1
,"",_2070,1,1,1,0,1
,"",_2071,1,1,1,0,1
,"",_2072,1,1,1,0,1
,"",_2073,1,1,1,0,1
,"",_2074,1,1,1,0,1
,"",_2075,1,1,1,0,1
,"",_2076,1,1,1,0,1
,"",_2077,1,1,1,0,1
,"",_2078,1,1,1,0,1
,"",_2079,1,1,1,0,1
,"",_2080,1,1,1,0,1
,"",_2081,1,1,1,0,1
,"",_2082,1,1,1,0,1
,"",_2083,1,1,1,0,1
,"",_2085,1,1,1,0,1
,"",_2086,1,1,1,0,1
,"",_2087,1,1,1,0,1
,"",_2089,1,1,1,0,1
,"",_2090,1,1,1,0,1
,"",_2091,1,1,1,0,1
,"",_2092,1,1,1,0,1
,"",_2093,1,1,1,0,1
,"",_2095,1,1,1,0,1
,"",_2096,1,1,1,0,1
,"",_2097,1,1,1,0,1
,"",_2098,1,1,1,0,1
,"",_2099,1,1,1,0,1
,"",_2100,1,1,1,0,1
,"",_2101,1,1,1,0,1
,"",_2102,1,1,1,0,1
,"",_2103,1,1,0,0,0
,"",_2104,1,1,1,0,1
,"",_2105,1,1,1,0,1
,"",_2106,1,1,1,0,1
,"",_2107,1,1,1,0,1
,"",_2108,1,1,1,0,1
,"",_2109,1,1,1,0,1
,"",_2110,1,1,1,0,1
,"",_2111,1,1,1,0,1
,"",_2112,1,1,1,0,1
,"",_2113,1,1,1,0,1
,"",_2114,1,1,1,0,1
,"",_2116,1,1,1,0,1
,"",_2117,1,1,1,0,1
,"",_2118,1,1,1,0,1

